
23.75
29.12
33.53
326.84
282.47
215.78
314.7
527.54
642.08
426.46
113.41
37
23.86
19.3
29.4
36.49
56.73
87.27
205.95
317.7
208.24
51.38
19.02
12.7
18.75
70.4
64.9
119.24
198.78
231.45
612.93
725.35
584.62
371.47
148.37
169.79
125.95
145.53
211.9
227
271.31
427.87
280.46
727.5
1166.1
686.03
280.29
91.94
53.06
148.77
226.65
126.4
107.45
162.49
203.01
489.03
266.16
162.28
67.46
36.09
31.07
49.68
40.98
39.73
55.84
84.3
253.71
307.92
168.99
55.23
22.11
19.46
23.9
38.3
67.7
93.4
472.4
426.2
361.4
624.3
593.4
222.2
76.4
31.8
23.9
14.2
14.6
20.7
39.5
65.8
171.6
228.5
120.6
33.2
15
10.031
16.26
24.276
25.36
59.39
48.34
91.37
152.68
219.54
141.93
48.574
22.83
11.592
7.236
13.851
19.57
22.31
37.23
132.575
237.482
240.2
149.28
41.154
18.907
19.37
23.03
22.088
16.729
24.927
33.583
85.112
172.691
165.351
122.158
54.021
14.339
8.487
7.714
5.665
8.58
9.904
11.324
117.514
135.419
277.408
321.105
102
24.46
13
12.347
19.244
17.655
20.97
67.534
76.81
208.878
237.788
75.575
46.206
16.965
8.55
12.92
16.62
31.704
189.311
124.36
242.534
330.386
700.63
599.1
316.631
82.43
26.24
19.395
17.09
21.176
23.209
41.89
75.434
149.69
257.843
159.005
35.7
14.466
11.55
42.915
44.62
48.12
213.1
121.59
485.46
349.993
633.812
880.942
751.7
239.19
66.25
23.697
15.07
50.192
70.24
229.481
222.164
333.373
588.6
412.003
184.085
55.413
18.454
17.91
99.4
212.542
734.996
180.913
218.77
302.456
539.316
279.683
129.703
44.36
21.479
17.927
24.485
35.665
101.55
210.41
232.083
288.075
445.675
886.311
686.382
159.13
72.148
35.703
38.551
49.954
69.145
111.33
102.2
182.06
446.022
337.292
105.08
32.371
17.342
11.717
12.242
15.723
79.939
154.753
164.4
279.62
529.817
350.834
90.848
37.23
14.817
19.532
17.197
15.507
26.262
41.907
126.404
187.945
444.913
114.609
47.376
13.311
10.185
9.557
21.783
58.301
63.694
56.684
94.438
246.603
322.83
223.209
53.394
12.895
7.541
7.073
62.337
45.192
61.974
60.205
109.386
157.785
435.821
374.965
89.297
34.394
11.52
8.22
13.502
44.478
48.015
69.097
192.048
222.87
284.275
172.977
55.354
12.78
7.119
36.05
40.981
57.742
165.1
133.152
225.643
257.23
817.99
662.324
343.247
72.908
17.465
18.004
21.953
109.567
163.085
113.486
198.025
497.993
883.895
762.83
325.637
63.684
22.656
20.263
14.493
26.273
24.272
46.886
96.069
137.181
197.13
71.408
25.292
14.323
10.622
9.701
8.88
16.705
58.466
72.308
101.835
176.026
350.601
229.545
68.409
16.259
8.055
10.334
43.345
26.026
74.703
81.593
139.365
231.403
491.729
222.763
96.42
27.686
10.013
53.86
21.858
40.846
71.073
101.139
141.785
221.958
383.446
686.884
242.939
46.926
15.993
59.614
52.918
225.068
152.789
114.315
277.063
392.725
545.187
827.992
477.161
133.081
46.912
47.592
28.864
18.667
39.265
34.931
75.407
209.277
244.429
76.871
28.34
21.743
6.27
10.616
27.62
87.722
51.886
45.281
95.68
189.795
200.454
96.089
32.615
13.403
5.465
9.372
10.068
14.134
11.453
23.124
45.593
111.574
161.118
76.66
26.133
14.87
5.536
3.305
8.654
21.2
14.311
42.423
33.781
39.055
75.936
56.187
21.34
7.952
3.293
10.205
19.637
33.638
62.573
81.018
184.039
231.589
297.886
298.638
64.442
12.355
5.232
66.987
46.341
99.377
487.701
529.376
355.267
515.595
826.804
897.226
401.464
121.202
48.06
22.42
38.438
25.232
44.19
27.303
210.828
380.433
313.819
180.637
72.796
25.417
7.466
13.224
20.081
28.731
82.353
211.233
235.892
403.043
545.074
751.274
334.884
81.581
27.402
15.874
14.146
45.88
31.169
32.496
53.239
203.106
315.664
119.175
32.25
15.128
8.579
8.089
11.655
13.325
22.592
38.012
58.359
129.594
158.656
51.632
20.135
6.712
3.092
61.528
46.707
109.985
77.353
71.065
119.972
186.263
214.502
96.18
27.114
36.048
12.776
10.007
28.882
160.348
388.941
141.852
544.33
529.589
950.916
892.25
626.488
167.562
65.757
38.172
34.507
35.37
53.17
128.779
165.676
344.266
528.02
308.968
82.718
26.478
10.989
